0.928344435548483
0.927358412101792
0.926211365229413
0.929281731906358
0.9272279131168
0.931677760480595
0.930159379586542
0.934440362383919
0.934695199457617
0.933342882722578
0.936318595629292
0.934918111886917
0.938449425622439
0.939890235231421
0.940310016301171
0.938619130311078
0.944401131476607
0.942994486837945
0.943751436959049
0.946572007295621
0.944860678331484
0.945780332122717
0.947308794483421
0.947574273105251
0.94950907458017
0.952188784424358
0.95445207368768
0.954193036002878
0.954690388357698
0.954581732550451
0.954612817072628
0.959038020851273
0.956437562536598
0.955902684722573
0.959399273406295
0.961184253085139
0.960932216418845
0.95962582636522
0.96280428876793
0.963525393674272
0.965598535274912
0.962907623801111
0.964464090235847
0.965222440560653
0.96757562290162
0.966920887650735
0.969211060825129
0.968472033311406
0.971388937662651
0.970369869408601
0.971142501811163
0.970966356185498
0.974922771764836
0.975391559964144
0.974105892925303
0.975416483590033
0.972316992676094
0.975128321668236
0.975086035516447
0.975248739186577
0.976776921506541
0.979724070257741
0.979626896120848
0.980043596742454
0.977868800353075
0.980286392064317
0.979887894090832
0.982770073390277
0.98214726278379
0.984451157954459
0.981879263795297
0.984288454284329
0.983548866689126
0.985808235382083
0.985120735364581
0.984619742480136
0.987097262909808
0.987023612195102
0.986949401398915
0.986734050069604
0.986632955362346
0.983884075455297
0.988794309796189
0.990567527763939
0.987974070467772
0.992300139824342
0.990752634693295
0.989196448299298
0.989133439132725
0.991472059355195
0.992826336375416
0.993296524778425
0.993367655126468
0.993508235578112
0.991104645903886
0.992404314979743
0.992862181590178
0.993832802796151
0.994180893436377
0.994011188747739
0.994171652091946
0.994271626636243
0.99284677934946
0.99472305230965
0.996440542170075
0.996001158248502
0.996893088006443
0.994749936220721
0.994909279401967
0.995651947445314
0.998899299870145
0.997317349728038
0.996768749917738
0.994885195898299
0.999882802950173
0.996082930144677
0.99539178959755
0.99749881612777
0.998234763193349
0.996563200014338
0.997116280476484
0.995485043164079
0.998308413908055
0.996791153176964
0.993672619492684
0.996668495332701
0.994899758016796
0.995037818101777
0.996054646029904
0.996534635858825
0.995851336452427
0.997373077835363
0.996105333403904
0.997566585986929
0.995001692846275
0.996872364991659
0.99702722752106
0.99535678450501
0.997855588030947
0.996257955607382
0.992798892382864
0.994297670425093
0.998070659319518
0.99453486493215
0.995962512626337
0.993674859818606
0.99634224787022
0.994370200976838
0.995145353746063
0.99468888733933
0.994913199972332
0.994395404643467
0.993288683637696
0.990958744678176
0.992475165287046
0.995342782467993
0.993058210108406
0.993019004404761
0.990488556275167
0.990354976842031
0.990796041008046
0.991778703965853
0.988971855625556
0.990342094967976
0.987212639694823
0.986983286328495
0.987932344397463
0.9888895236479
0.989738047091091
0.985509991993635
0.987449554161139
0.986450648840393
0.985265236386589
0.984105307640155
0.985269997079175
0.984646626391207
0.985330205838345
0.983897517410833
0.98399777199587
0.982363174194582
0.983950165070014
0.979550444998738
0.979681504065211
0.980603118141627
0.981341585573869
0.978493571244745
0.977637206660825
0.978931274921875
0.977556554927611
0.977732700553276
0.974027201477271
0.975854467307904
0.973857216747892
0.974947415349985
0.975737410278447
0.972361239113066
0.974322644458316
0.971074731952004
0.971630612821553
0.969813428457572
0.968689064885159
0.968352175874546
0.96786742535304
0.966514548536521
0.967586824531233
0.965527965008349
0.96635072470343
0.968057573015722
0.964601310198608
0.964133922203002
0.962480001590631
0.960906732711475
0.959214166476939
0.960837562648614
0.9592833365398
0.957551284560878
0.956795174561995
0.956460245836564
0.95884703306637
0.953220734552463
0.953586187718589
0.95275614696426
0.952486747772066
0.949522236494965
0.953384558385554
0.950061875001575
0.945895428866991
0.948924349514367
0.944331681373006
0.945458285271341
0.944142093791805
0.945472007267617
0.942414242423988
0.941901207787709
0.940712154804281
0.939532903246764
0.93996584623131
0.938983463314243
0.937655790164353
0.934093111865914
0.936587154699266
0.931797057835974
0.931898152543232
0.933266431600469
0.931424883692079
0.92861523494438
0.92936126347661
0.926032979277825
0.924970784749765
0.9255314263119
0.922577556582932
0.922013834572654
0.918455076844579
0.921561008695545
0.917809022856645
0.917567347697743
0.91601396171115
0.916677378224984
0.913792678558877
0.911821471787716
0.913467831300097
0.909790336298125
0.910632978885768
0.906695045995291
0.90598290239264
0.905889368785371
0.903750417610754
0.900732698592991
0.902267881931463
0.900394129337936
0.897001435768875
0.89936077900613
0.896552810502872
0.895518340008104
0.895577708645054
0.891983105702217
0.887906272604538
0.888364699296454
0.88613417479975
0.885490361137738
0.886559556684306
0.883461185933329
0.885065539334662
0.878755381332876
0.878808869114279
0.877767957682484
0.87549486699325
0.875012356797667
0.874011771232479
0.87187141985416
0.870748176444709
0.865539978756109
0.86701383317245
0.864699856535129
0.865923634570357
0.862451409431044
0.86134328822157
0.860636745433726
0.859032392032393
0.856080762629347
0.855655940826271
0.854940716775476
0.851929438694741
0.849943389764343
0.849711796072092
0.847475950801322
0.843410039292516
0.844327732798567
0.843328547437081
0.838561413914496
0.836673659283953
0.838257849751982
0.836490792680519
0.833700746784642
0.834285471850445
0.831507467706402
0.830300212074852
0.826774779194877
0.82553503883745
0.822869891111759
0.820547793292968
0.82035204481548
0.819979030549364
0.815350517193241
0.817221189338625
0.815665002944628
0.810198047611966
0.809777986501476
0.808874014991701
0.805865537318369
0.804728571912642
0.801166173654943
0.801491300954463
0.799619508646118
0.795820756003583
0.794146952498649
0.79265657567863
0.791194202932643
0.789068693713561
0.789635776212723
0.785392038833809
0.783127629407526
0.781411819791543
0.778199752499994
0.775400465259686
0.774292064009472
0.775079818612012
0.773125974366751
0.771053112806851
0.768678367328879
0.769822613793855
0.766029742006867
0.763238015866548
0.762563677763841
0.757639441385933
0.755973759062468
0.752921314992905
0.750288932033832
0.753708789554704
0.74811945641852
0.745505556148308
0.744020500102355
0.743552552025268
0.742033891090476
0.739414390005458
0.736766044724186
0.734840484593699
0.731647180031751
0.731564287972614
0.729780428456732
0.725605861140679
0.724900438515795
0.722832617689221
0.719868106412121
0.718708457706427
0.717393106349112
0.710257668285582
0.71314292803317
0.710870397425417
0.709859450352837
0.705540942096256
0.702744735304092
0.702469735297091
0.700844378840234
0.694239617979624
0.693775030391421
0.691262784909949
0.691159449876768
0.68659562593166
0.684497560705131
0.681639184868615
0.683615432373102
0.679359093160873
0.676864210205301
0.672332870986071
0.669788980900941
0.66986487194157
0.667356547030462
0.66535033516676
0.660952855421407
0.658889515246678
0.65871168937657
0.654455070123601
0.655328797233421
0.65180672484233
0.647536103552345
0.645237529155741
0.644481699197599
0.640046413952302
0.640401225570296
0.635441143977626
0.635371693874025
0.633607437209965
0.630654407603218
0.626692391209073
0.627541754774484
0.624360772005111
0.621624213890637
0.617456647593092
0.6149796872449
0.612091347049169
0.611043434598865
0.609450562867886
0.605120292900211
0.602541677763281
0.601065022939537
0.600391804999791
0.595398118518282
0.594692975934139
0.591864844497577
0.588323729336144
0.587752166185136
0.584469808667765
0.582481519411444
0.580263316707314
0.576931111938165
0.572846157659016
0.568287374447234
0.568494324554336
0.568161636154828
0.56419737943476
0.561739741897651
0.55958034774899
0.55767859108143
0.557644426111111
0.553342720298949
0.546303896290832
0.546084344350416
0.541850408397413
0.542289232237506
0.541209115102065
0.537383478548459
0.533304405124857
0.530853208524776
0.529295621927078
0.526962322478674
0.523767617713025
0.521902266341707
0.517759063588571
0.512608274251738
0.515223574725651
0.509403488019437
0.506563874912522
0.503241471569284
0.50138760186832
0.501206415509328
0.49771318731449
0.494746715752208
0.49187069734905
0.487688568933008
0.485861863183856
0.482854785714226
0.479275865052848
0.477833935280905
0.478350050365327
0.474530014626528
0.471038466676132
0.469959189662912
0.464385538808186
0.461583451160475
0.458811327871979
0.456956057967313
0.45261010571818
0.450720950883934
0.450310691199356
0.445826398824501
0.441744805034236
0.438884748953278
0.437936531006531
0.433602900549972
0.431461429008692
0.430213007388315
0.425817207887403
0.422931948139815
0.418059799339608
0.419125634397292
0.413835944853257
0.413901194345753
0.408362548583568
0.408658551646093
0.40307005863213
0.401261555531099
0.399291468922899
0.395265043158479
0.392262446340694
0.389850175403518
0.388069956417259
0.387859645821274
0.383078230220932
0.380099996947556
0.376130699494162
0.372515933618023
0.371466340923277
0.36621753732733
0.36532672773235
0.359820566696043
0.361893708296683
0.35637466538632
0.354208830300632
0.349789507377533
0.349008753793502
0.342768325936057
0.342139634474023
0.340938539738761
0.336512775878635
0.335724741235355
0.328887266519533
0.326089099442187
0.325472449731987
0.320515728628201
0.317870743835813
0.314467968800101
0.310443783361603
0.309597500244335
0.308472016508962
0.303883548978705
0.300290346239571
0.299138258633866
0.296315728012111
0.295142637350882
0.290577133161332
0.284870742995691
0.283846914049056
0.280094088087935
0.276855136885314
0.27443558488889
0.270147881113744
0.269470182522153
0.266204347408461
0.262860660968958
0.257884897094829
0.255813155697891
0.251525731963486
0.250609158620396
0.247596480335959
0.244626648284792
0.242920920135461
0.236926368048023
0.2359123405273
0.231981688696071
0.231904677492481
0.227370537865849
0.22399632698565
0.217506662869314
0.21829973824592
0.215804295208867
0.214288434681477
0.208613689119493
0.205954702290089
0.205315649320663
0.2036166421491
0.197447064598958
0.19130717136729
0.192401570580488
0.189093449315006
0.189167660111193
0.184553708873567
0.1793054653591
0.176836066110898
0.173679726926673
0.170041997709827
0.167582399887536
0.16301185496466
0.160789171608686
0.157467888428408
0.15573051567542
0.151964527799504
0.15096758276394
0.145418855535103
0.142802714938969
0.137114527421449
0.13469973611761
0.136482755511272
0.132989247275693
0.12824899766418
0.124789374358181
0.123209944582738
0.119744160380452
0.114090417873992
0.111833569547698
0.110032627546655
0.106133340278344
0.103424506197161
0.100796603889934
0.0966270773072065
0.0956791394012
0.0905672757272726
0.0899735893577796
0.0855212216273222
0.0828356309275872
0.0774983344576968
0.0782370819306791
0.0705183190050487
0.0694233597103705
0.0684146529637131
0.0659438535118087
0.0610131761968729
0.056352178114872
0.0568587718141233
0.0500470608464118
0.0494026871029196
0.044740288817217
0.043562437463402
0.0385785524078041
0.037716587009078
0.0343549779621938
0.0315324473404389
0.027800064353362
0.0248109094911126
0.0201023044832561
0.0160610365595985
0.0152945650533238
0.0117187248400896
0.00807259440103334
0.00722995181338968
0.00483868393173823
0.00189349546572024
-0.00079013494883253
-0.00557435095657723
-0.0108660007857945
-0.0128741729346788
-0.0146003440580537
-0.0165861129477117
-0.020815568248869
-0.0249887353612205
-0.0253527883236454
-0.0317567599734411
-0.0341816327439318
-0.0369688782324055
-0.0398927836021587
-0.0420090514768089
-0.0459985118635061
-0.050786368400875
-0.052607473335221
-0.0551247595500194
-0.0598482067171135
-0.0585471374375545
-0.0640743015293867
-0.0704844340754695
-0.0706311754234007
-0.0710428353116813
-0.0785958141190383
-0.0789987927443686
-0.0823466797949767
-0.0852072959574161
-0.0903482838683373
-0.091144719733827
-0.0925059977725561
-0.0997738951062602
-0.102303783154374
-0.103839246533586
-0.106674659029396
-0.112094847558423
-0.114526441306681
-0.116180361919052
-0.11732684870995
-0.121646757170233
-0.124430642169823
-0.128515876489712
-0.129226339847921
-0.133252485571601
-0.138006737220131
-0.139503835017919
-0.143760454270887
-0.148138331164418
-0.14796050529431
-0.153422979975127
-0.156276315078318
-0.159562313125314
-0.16171834678509
-0.163042659446096
-0.165997649338026
-0.169568448817934
-0.172856967231593
-0.178870842130113
-0.177089502980894
-0.183719187467393
-0.18471893291036
-0.190394518594565
-0.191089859752797
-0.197476188835952
-0.197235633840011
-0.20011277240613
-0.202966667590801
-0.205778836705164
-0.208649254293515
-0.21139533379316
-0.215191286028292
-0.218517049860414
-0.222730262798632
-0.22398792576344
-0.22833051752369
-0.230327488042961
-0.233246352679388
-0.235677106305425
-0.238132503516612
-0.239650044288443
-0.243300935420085
-0.247718298058002
-0.250910762497728
-0.254728837951345
-0.257150910314433
-0.260309209783839
-0.262771327972794
-0.267542662106483
-0.266868324003776
-0.2700579880361
-0.277283039136534
-0.278511857905088
-0.283324638068346
-0.283792586145433
-0.284322703266871
-0.291743502844794
-0.289725249229258
-0.294495463199986
-0.298404271853469
-0.300283065180323
-0.30389587077128
-0.306652871859798
-0.310073569502891
-0.316013513645965
-0.315118503439881
-0.319376522896551
-0.321064328438501
-0.327399130025436
-0.327984135131979
-0.331297857212267
-0.332215550718319
-0.336233855301269
-0.338591238253341
-0.343701981764307
-0.343819318834504
-0.34255689517711
-0.348890296560344
-0.353165958583655
-0.356188998375484
-0.357424258081066
-0.3619424353855
-0.361478687919519
-0.36672301086362
-0.369880190170066
-0.371583677993475
-0.375121712706765
-0.378790526445787
-0.37893810791594
-0.38660534334535
-0.385893199742699
-0.39020358681781
-0.392137548170508
-0.391506336341811
-0.399668123718639
-0.40072247710597
-0.405285180888116
-0.405132558684638
-0.410363719713944
-0.413285944839255
-0.413955802290117
-0.416299743286653
-0.421214458279391
-0.421338796368096
-0.424302187482235
-0.428676983927622
-0.429510665211575
-0.435021866981209
-0.437429377225799
-0.43774694342533
-0.441245212353493
-0.446999769526471
-0.447961989510234
-0.452846740143756
-0.451488822593911
-0.455560614958264
-0.458560411368646
-0.462001271945043
-0.464359495019336
-0.467606847444166
-0.468530701846505
-0.470860640806025
-0.475686302843338
-0.478173344658181
-0.478469067679966
-0.481601883442003
-0.488282255302502
-0.486662779701191
-0.493500254417013
-0.493273141376607
-0.492809393910626
-0.49937494906759
-0.502217082541168
-0.504321588704725
-0.508147225258331
-0.508794679449967
-0.512700687696046
-0.514500789574868
-0.517788467866305
-0.520168814159084
-0.523387322387661
-0.530511838862318
-0.529087831697756
-0.530636737032504
-0.533990504938659
-0.535470800292027
-0.540888188413651
-0.541691625297648
-0.544210031675408
-0.545749415624985
-0.549061177420091
-0.548450688606179
-0.551682078708811
-0.557127750945208
-0.557441956655854
-0.56278345373685
-0.565212247077705
-0.56835206385825
-0.568321259376814
-0.573356111847152
-0.5766869164126
-0.576940073241855
-0.581332792294623
-0.582543408415056
-0.582523805563233
-0.588150664158622
-0.587371590819033
-0.591885847553102
-0.594811713208038
-0.597087044223194
-0.596232359883716
-0.600794783625122
-0.602205348834148
-0.605382691073898
-0.608412451843494
-0.61188691730873
-0.612711077207512
-0.615699952029021
-0.616295038602216
-0.620922711836118
-0.623755603965265
-0.623046540810757
-0.625451530688685
-0.633517544132321
-0.634063623575958
-0.634607182652932
-0.637936867055419
-0.639235976049796
-0.641617722546276
-0.644425130968053
-0.646222152398731
-0.648112147355197
-0.650737809336502
-0.653292060929024
-0.657039846156819
-0.657833761655646
-0.65944819652363
-0.663083405373814
-0.665011765911705
-0.667565737463486
-0.66935043710159
-0.674693614427027
-0.672164286460394
-0.674815712189809
-0.680340915996459
-0.678739082961789
-0.681507565720661
-0.684199037275943
-0.686362071954228
-0.691384882672731
-0.690829561884663
-0.696022637373285
-0.69940160894607
-0.696768385864776
-0.701151863573113
-0.702371160956496
-0.705386359607596
-0.70514972518202
-0.711310621469211
-0.71356242906218
-0.713400565514271
-0.716471212231956
-0.719571543268115
-0.72143521439499
-0.72410792322067
-0.724608916105115
-0.726114135084372
-0.729364007875866
-0.730350311363297
-0.731602373513299
-0.734771314530838
-0.736890382812892
-0.740910087599544
-0.740500387996446
-0.742075617160785
-0.745337531704113
-0.746438651895078
-0.748378214062582
-0.749058433020836
-0.752010342464622
-0.753123504407421
-0.75684860633525
-0.760809222525693
-0.762199904842156
-0.76512381021191
-0.765273351967244
-0.765897002695952
-0.767031447735017
-0.771926279835191
-0.772561412234252
-0.778240638448081
-0.775867853255292
-0.779563270864645
-0.781589925702391
-0.781644813687495
-0.784709579549633
-0.785519177329918
-0.787886921789382
-0.790618439170531
-0.792759070589589
-0.793362278344254
-0.796044788595845
-0.796963602264858
-0.798486743851496
-0.799400796827923
-0.80197745167967
-0.804319992472505
-0.805738398822261
-0.809025517032218
-0.808923862243479
-0.810369712585787
-0.81385846012878
-0.817526433745582
-0.819287890002238
-0.819836769853278
-0.820169178212046
-0.823353241429563
-0.823643643677282
-0.827730558241613
-0.830338017574797
-0.829404921828028
-0.830371902504376
-0.83406732011373
-0.830960268099803
-0.836922895542844
-0.837006067642721
-0.841300492395634
-0.843189647229879
-0.840069993382637
-0.845072921208578
-0.846546215543437
-0.84740510049402
-0.846423557699174
-0.852172234016605
-0.851367957010386
-0.852934784952515
-0.856649525372951
-0.8579421934303
-0.85818190830402
-0.858389418492603
-0.861158741373695
-0.86425515183949
-0.865757850452084
-0.867164495090746
-0.867212382057342
-0.869068492084229
-0.869954540986623
-0.872099933098267
-0.872306603164629
-0.874358461669004
-0.87426996879506
-0.877196954612957
-0.879153599265621
-0.88229677653505
-0.881956807076294
-0.884762255212889
-0.887740488486265
-0.888880534340136
-0.887814419241711
-0.888852250225363
-0.890902708526036
-0.89215673096122
-0.894658894976041
-0.893305458078041
-0.898370554948334
-0.897341685268373
-0.899425188376405
-0.899330814646915
-0.904696675272319
-0.900260829945541
-0.899822006105448
-0.905306604004751
-0.90308700109692
-0.908200545015289
-0.907558131556979
-0.910052454431071
-0.913496115414871
-0.914757418909303
-0.915129593053197
-0.918004491293393
-0.913287205022587
-0.91681963892107
-0.916223432184914
-0.92161617672139
-0.919833717409209
-0.924677302053903
-0.923422159455758
-0.923914191036512
-0.9268848632099
-0.927299043464843
-0.928638198285087
-0.929874018072149
-0.930517831734161
-0.933696014096131
-0.932871014075128
-0.932927302263933
-0.936157012122124
-0.937056783020794
-0.938015082434193
-0.936237383814598
-0.934320224906319
-0.939500978602367
-0.940072261712634
-0.938118697508114
-0.94603124862605
-0.944126411510347
-0.945590744541516
-0.947896880038108
-0.942239777042764
-0.946644537847366
-0.949571243624523
-0.951123789488895
-0.950989649974278
-0.953199171415458
-0.95218206344659
-0.953384558385554
-0.952382292575924
-0.95533392197897
-0.953665159207362
-0.954140108302956
-0.955974935233578
-0.957744792712444
-0.956130357844459
-0.961393443518163
-0.96324115232284
-0.962325419101971
-0.960239395627276
-0.964887231794482
-0.964549222620907
-0.963686977181441
-0.965692068882181
-0.965891457889294
-0.969551310324626
-0.967749248160623
-0.970201564923665
-0.971059049670546
-0.973181478441484
-0.9703858317308
-0.971537919336505
-0.9719448185322
-0.975247899064356
-0.975889192359705
-0.973711595562923
-0.974118774799358
-0.977047720902437
-0.977074884854249
-0.97749578608696
-0.97900380547362
-0.978938275940384
-0.979105740303099
-0.980994055015124
-0.977456580383314
-0.979388021369349
-0.981703398210372
-0.980845913463491
-0.979787359465055
-0.981814574384282
-0.984509686469188
-0.984155714973414
-0.982782675223592
-0.986716407502964
-0.986162486918597
-0.984858617231635
-0.984520608058061
-0.986020226222511
-0.985014039842516
-0.990515440186238
-0.991756860788108
-0.985982700763307
-0.99049975790478
-0.988179900411912
-0.98840113259677
-0.988734101037019
-0.991497543062565
-0.990428067475256
-0.989748968679964
-0.986647237440103
-0.992292578724353
-0.992683235557109
-0.991434813936732
-0.991919004376757
-0.992291458561392
-0.992849019675382
-0.994307191810265
-0.992601183620193
-0.993722186703722
-0.994238581828885
-0.99340406042271
-0.995858337470935
-0.994311112380629
-0.994681886320822
-0.993893011555321
-0.996803474969539
-0.99556233440841
-0.995021855779579
-0.995993877189254
-0.994229900565934
-0.993818800759135
-0.995562054367669
-0.996828398595428
-0.994399605254573
-0.995898383296802
-0.996433541151567
-1.00011719704983
-0.997286545246603
-0.997707446479314
-0.997855588030947
-0.996185985137118
-0.998520964829964
-0.994237181625183
-0.998618979089078
-0.994248943336277
-0.994989371053701
-0.998587614526161
-0.995683872089712
-0.996884686784233
-0.997306148098425
-0.995725878200761
-0.996859483117604
-0.997441127735263
-0.995780766185865
-0.995862818122781
-0.997256020805907
-0.997219055428184
-0.994873994268686
-0.996786112443638
-0.994790542128069
-0.99415765005493
-0.997367477020557
-0.996957217335978
-0.995895302848658
-0.994830027872455
-0.994293749854729
-0.994633439272746
-0.996559839525454
-0.995087105272075
-0.992917349616022
-0.992918189738243
-0.993335730482071
-0.993854926014637
-0.991914803765652
-0.991217502322238
-0.992503729442559
-0.991784024739919
-0.995171117494173
-0.99269247690154
-0.991586876058729
-0.991723255899268
-0.992328143898375
-0.990651820026778
-0.991460577684842
-0.98923201347332
-0.991383846521992
-0.989579824072806
-0.98541953883451
-0.987736035838494
-0.988035399389903
-0.984032497047671
-0.987856453356834
-0.986059151885416
-0.986038428870632
-0.98902618352918
-0.984510526591409
-0.983770938996205
-0.986620073488291
-0.983396244485648
-0.983623637566793
-0.983958566292224
-0.981855180291629
-0.982248357491048
-0.980015592668421
-0.980800546863558
-0.981604263788296
-0.980221982694042
-0.97694718627666
-0.979253601813992
-0.977455740261093
-0.975563785019445
-0.976298051840582
-0.97592839806335
-0.978071549849072
-0.974027761558752
-0.973235246263627
-0.971599808340117
-0.971856325658257
-0.970646829700785
-0.974526794158014
-0.971151463114854
-0.971260959044322
-0.968762715599866
-0.969479619895102
-0.967291661590928
-0.967966279734376
-0.965229441579161
-0.966174859118505
-0.96208458406529
-0.964239777602846
-0.962406630916666
-0.960751030059853
-0.963954136047712
-0.96219632032068
-0.960827201141222
-0.959310780532352
-0.958449095174366
-0.957415184761079
-0.957961544245457
-0.957026488213505
-0.955105688775603
-0.953281503393114
-0.953231936182076
-0.953031427012002
-0.951084583785249
-0.951802328202707
-0.950085398423763
-0.948726920792437
-0.946054772048238
-0.947503422797949
-0.945333107060415
-0.946336493033007
-0.941876844243301
-0.942697923693939
-0.940981834037216
-0.941644130388089
-0.938995505066077
-0.939352276969254
-0.93626538788863
-0.935843926574438
-0.937889624182526
-0.93524631963458
-0.931666278810241
-0.932884175989923
-0.930835958015172
-0.930862561885503
-0.927174985416879
-0.92813608523768
-0.925323356041837
-0.926821013921105
-0.927573483390364
-0.924690183927958
-0.922448457801641
-0.920951360003854
-0.919972897657151
-0.919759786653762
-0.917017067643001
-0.918227683763434
-0.914867754960992
-0.912752607249303
-0.913236517648588
-0.912418798686833
-0.910629058315404
-0.91079736280034
-0.909310066428464
-0.902491354442244
-0.904465921702289
-0.904450239420831
-0.903063197633992
-0.901014699618501
-0.90000347250518
-0.900921446051972
-0.895885753459413
-0.896909582406049
-0.895129923501271
-0.893847616951314
-0.892449653575602
-0.891251639288484
-0.885976231822206
-0.889659887720466
-0.886744663613663
-0.885058538316154
-0.885339139137962
-0.883717423210729
-0.881817346787611
-0.879929312116327
-0.873045630678351
-0.877649780490066
-0.872574882193862
-0.875277835419497
-0.873778217255046
-0.870499220226559
-0.866010447199859
-0.866797641720918
-0.86475250419431
-0.863043695596836
-0.864520070379839
-0.861407137510365
-0.862020986813162
-0.85669965266547
-0.857961516241383
-0.855667702537365
-0.854632952001857
-0.853614723870029
-0.850202147408405
-0.851483893876881
-0.846070146284882
-0.846330024091905
-0.842776307097157
-0.841904820313259
-0.841610217454435
-0.843102834600378
-0.832628470789931
-0.836085853770007
-0.833416785473951
-0.831534631658214
-0.831463221269431
-0.827661388178752
-0.827870018530296
-0.826237941095671
-0.822027808605596
-0.819683027486839
-0.820843796355494
-0.817684376723126
-0.816173836969803
-0.816843414379924
-0.812267828723723
-0.811279004869628
-0.808783281791835
-0.808237762429678
-0.806449702302691
-0.804262864161478
-0.804019508758134
-0.802093108505426
-0.798526509636622
-0.794445755968578
-0.795091529915772
-0.795642650092736
-0.790885037955322
-0.791541173409908
-0.786615256787558
-0.785170806648951
-0.786019610132882
-0.781724065217008
-0.781932975609292
-0.779298912405777
-0.775234121059932
-0.775651381763019
-0.7707867940628
-0.770570882652008
-0.769224726813257
-0.76732549051236
-0.765205302067345
-0.764521162538726
-0.762518871245389
-0.761059858988286
-0.756421264165511
-0.755386793670743
-0.752525897467564
-0.750348300670782
-0.744957796460229
-0.747501686545359
-0.744233331065003
-0.743880199691451
-0.740085927700762
-0.736289975465631
-0.736162836969522
-0.737186385875417
-0.733233890866443
-0.729957974286099
-0.726850642231432
-0.725184679867227
-0.727393081145445
-0.723457668621631
-0.719479689905288
-0.718457821243835
-0.717330937304759
-0.7142306062686
-0.713610316028776
-0.709414465616458
-0.705661919696077
-0.704580682397675
-0.703236206803366
-0.699565432779161
-0.696978976501502
-0.696006114969606
-0.694448248331167
-0.690448706477819
-0.688563192173198
-0.687299928393583
-0.684216959883324
-0.68243198020448
-0.67729155237504
-0.679235875235129
-0.674197942316648
-0.673912300761515
-0.672986486073994
-0.666801226242394
-0.667975157025844
-0.66463063046412
-0.664658914578893
-0.660483787181359
-0.658791220946824
-0.655229662811346
-0.653116475384839
-0.651277447843112
-0.648286332695681
-0.646328567880055
-0.642041704227131
-0.640915660410277
-0.641493664498311
-0.63822866950684
-0.634318740690396
-0.634952752926496
-0.628836103076276
-0.627802752744469
-0.624129458353601
-0.623119911484723
-0.621634855438769
-0.617177166934246
-0.616692976494221
-0.612601021196564
-0.610151224800184
-0.61046459038861
-0.605351326510981
-0.605388291888704
-0.599847125759856
-0.599205832464507
-0.59421438630892
-0.594344325212432
-0.590718357706679
-0.589453133641882
-0.586351682442762
-0.580672176188192
-0.5804736273033
-0.577199671008138
-0.576795012138366
-0.57549590314399
-0.573095673958648
-0.567406086237426
-0.567753896836912
-0.566589487438633
-0.559077114538623
-0.558571641002333
-0.556063316091225
-0.552240479945023
-0.551918993175127
-0.548965123446159
-0.544854965500381
-0.542240785189429
-0.542920724106943
-0.53647586650906
-0.535012373600111
-0.531821029323346
-0.532931950940223
-0.529790453915236
-0.525225509807167
-0.522532358007443
-0.519781237774472
-0.519434827378687
-0.51473406351156
-0.512013747760024
-0.510484445277099
-0.506765504245558
-0.503471104976352
-0.500127138496108
-0.502420952200126
-0.495394169943844
-0.493194169887835
-0.491400228905301
-0.488586099505756
-0.488581338813171
-0.48431435805281
-0.480413950621536
-0.478600126746439
-0.474404836415602
-0.471667158138166
-0.468468532802152
-0.466485004238417
-0.464095976682688
-0.46047420978804
-0.45819523824326
-0.457130523348537
-0.454816546711216
-0.45105952013899
-0.448476144309474
-0.443027951706414
-0.444019575967912
-0.440842233728163
-0.436311734631154
-0.435604071680348
-0.431463109253134
-0.42842718758725
-0.42826392383564
-0.422528969514485
-0.421470415516049
-0.420369295325084
-0.416436403167933
-0.410358118899138
-0.410469575113788
-0.406817003737704
-0.405138719580925
-0.398532838557354
-0.396925684748617
-0.393075404609863
-0.393076804813564
-0.391303866886555
-0.388126804687546
-0.383308423709481
-0.380394039724899
-0.378495363505483
-0.375411554873003
-0.37300180430249
-0.371783627082068
-0.367315297029412
-0.361821177744938
-0.360714176698426
-0.357388972947784
-0.355212776354704
-0.352239303773913
-0.352139329229617
-0.347170846414737
-0.344379680355898
-0.341841951167056
-0.340030367617881
-0.334817409236696
-0.334030494756377
-0.331033498753399
-0.327604679928836
-0.32419882444498
-0.32007802495107
-0.318132021846538
-0.315361018721004
-0.312927184646823
-0.308708370893798
-0.308417408564598
-0.304030290326637
-0.298141593639043
-0.296640855311631
-0.295947474438581
-0.292723645435938
-0.287295895806922
-0.287661629013789
-0.284120513852355
-0.280375529031964
-0.276476521804392
-0.278468451590337
-0.271159108227065
-0.270731486016586
-0.268931944219245
-0.260632096757436
-0.258378608920026
-0.254701954040274
-0.253863232022995
-0.250492941713161
-0.247090166677448
-0.241481790770922
-0.241270360011975
-0.240051902750812
-0.234857427058489
-0.23388204515993
-0.22828795133116
-0.226746887137141
-0.22664355210396
-0.221202640560149
-0.218866820745082
-0.215868424538402
-0.212450807343452
-0.210256408102251
-0.20533021143916
-0.203315038271768
-0.201951799947857
-0.198662721452717
-0.195124966780167
-0.192219824140016
-0.187643678402334
-0.185403632520459
-0.182242812684389
-0.178286397105051
-0.17568957932
-0.172535200420957
-0.169344416225673
-0.16733736423975
-0.16361926333043
-0.157689680694748
-0.159842633906381
-0.155878097145573
-0.153694339452504
-0.148231864771687
-0.147870612216665
-0.143994848370541
-0.13957328512152
-0.136381100722533
-0.133980871537191
-0.13324296418643
-0.128751390752327
-0.123843676778098
-0.122129827447297
-0.121803579984816
-0.116874022832842
-0.112733620487109
-0.110467530816383
-0.104937006235667
-0.103461751615625
-0.102253375821115
-0.0976705091056648
-0.0947124387655917
-0.091845381666125
-0.088895992589002
-0.0856786045233863
-0.0811702286448634
-0.0803359872794295
-0.0751857580240775
-0.0764109362630078
-0.0706180135086053
-0.0670584156583102
-0.0627771528201925
-0.0603225957312271
-0.054321602706762
-0.0535685731560228
-0.0503551056607717
-0.0484813530672445
-0.0455784507530156
-0.0436786543706379
-0.036913710206561
-0.0381178853899668
-0.0329965003308682
-0.0282820144674648
-0.0275805124129459
-0.0240536793292691
-0.0201739949127801
-0.0195559449988786
-0.0125997330091584
-0.0133989692820512
-0.00916671357349088
-0.00855678484105873
-0.00304782339734801
0.00234912175023203
0.00405204949215996
0.00641755362570127
0.00927284901407442
0.013311596571069
0.0162803084592745
0.018681097726097
0.0211916629631278
0.0237954817666873
0.0276435215795192
0.0301493261239643
0.0356857315602272
0.0366759556180231
0.0405842041900254
0.0440015413442346
0.0464124120777089
0.0504648816309795
0.0518435221956088
0.0539516688887898
0.0558831098748245
0.0614435988147555
0.0655655184716272
0.0649819135687859
0.0708554880564023
0.0752036806314581
0.0753560227941959
0.0807361654973564
0.083225167597382
0.0863728255186563
0.0901357329464289
0.0908826016008808
0.0930795212087453
0.0970855039991216
0.101659689451621
0.103266003138136
0.108055259879207
0.108612820993198
0.112405412739445
0.115088763113258
0.118518702100782
0.122995713416388
0.123320000593686
0.125345815309211
0.133287770704882
0.133574532422977
0.136168829841365
0.139837363539648
0.141793448110831
0.148192659068041
0.150467990083197
0.153320485064167
0.153739145970956
0.156119772304475
0.160424278524039
0.163329141123451
0.16755187544684
0.172136982488212
0.172241157643614
0.174238968285106
0.180441870683347
0.182908469524146
0.187424686543398
0.190969442234456
0.192768143909576
0.192030516599555
0.198695766260075
0.198507018801095
0.202478556580411
0.20623782347856
0.210317737024382
0.212709564987514
0.216744391974144
0.216728989733426
0.222165980706873
0.225198541883873
0.22706305313297
0.232759081791219
0.235828608345942
0.236669010607663
0.239710533088354
0.245578226720423
0.246983471155384
0.248584184027092
0.249758394851283
0.253314352171954
0.25823690830542
0.260790319775721
0.264977488925089
0.264893756743731
0.267546862717588
0.271314810878686
0.278094317161261
0.277333166429052
0.280875401753447
0.280681893601881
0.286786501700267
0.289139123959753
0.292970361328166
0.29718889504045
0.300782097779585
0.301526446067374
0.304190753670844
0.305508905435563
0.309704755847881
0.314310585904037
0.31665200653391
0.318946100278668
0.321124817238412
0.323888819345438
0.32753943043634
0.329558524174097
0.333008906135664
0.336490652660149
0.338885561071425
0.342413514318063
0.34382435956783
0.347663438076971
0.351981106211331
0.355496177583915
0.355580469846753
0.360572476083821
0.363478178805453
0.365752109616907
0.368344166709373
0.368861401956757
0.372355750314556
0.37617186548299
0.380662318754132
0.380957761735177
0.384641417633437
0.387175786333396
0.38782240040281
0.392885817028661
0.396261708153302
0.398304605353987
0.399845109466525
0.405450684965649
0.406130903923903
0.41030939181032
0.414487039574517
0.414434951996816
0.416041545724072
0.419129835008397
0.422451398229414
0.428606133620319
0.430541775217459
0.430730802717179
0.434622528885502
0.435152646006941
0.438299743846735
0.442539840696024
0.444915426296217
0.448587880564864
0.449276500745328
0.454378843034084
0.455558374632341
0.461450431808819
0.461804403304593
0.465938644754039
0.468225177398808
0.46931509596016
0.473096486076794
0.476213059475892
0.476881236682312
0.47978301883358
0.482683120740405
0.483277367191379
0.487513823511044
0.492916929554912
0.493522097594758
0.494401985600865
0.499693355389342
0.501789740371429
0.505683426824934
0.50695649203046
0.510855499258032
0.511795596023309
0.515529099173348
0.520240504588607
0.522138900767284
0.52299274498454
0.524103666601417
0.526154684983571
0.530232358203471
0.53200417596752
0.534747455059762
0.537296385878217
0.542003590682372
0.546032536813455
0.546907944167717
0.550048601070484
0.553665607272546
0.554411075723296
0.556885795745565
0.557782766236832
0.562776732759082
0.564450816304756
0.567708530236979
0.567648881559289
0.572606442785296
0.573104635262338
0.576071666906101
0.578955246409247
0.581476453194411
0.584536458363963
0.589400766023441
0.587512171270676
0.593377904617564
0.59329753292509
0.597244147078517
0.598869223494634
0.600124086052039
0.603686484309737
0.604731316311897
0.606862426345785
0.609558098512171
0.613890328765029
0.614037630194441
0.6163504866688
0.620010899185613
0.623686153861664
0.626282971646715
0.625853669191794
0.628950919779809
0.630920166265788
0.632310568541511
0.636676683723948
0.638482666458316
0.639789896634162
0.642586103426326
0.64632408722821
0.649940253308051
0.652281113856444
0.653306623047521
0.656239769761705
0.659386307520018
0.658299189366069
0.663465100902879
0.665797560229062
0.66913704605746
0.669604714093806
0.6720150247458
0.673544047187985
0.676888293708969
0.679394098253414
0.679311206194277
0.683346033180907
0.687381140208277
0.688667367328599
0.690130860237547
0.694387479490516
0.695562530436928
0.695492800292586
0.696876201549801
0.700913268862354
0.706018691599254
0.704864363667626
0.708119277192446
0.711752525757447
0.709585850549538
0.713453213173452
0.715461385322336
0.720560647162949
0.720916858984645
0.720183992367209
0.723665178810213
0.724483177812708
0.729597001771818
0.731831726879626
0.733653951976934
0.734001482535679
0.738654639476951
0.738517699554931
0.742145907386606
0.740031599797138
0.742841248544838
0.745342292396698
0.75006461940083
0.751052883173444
0.752830581793039
0.756427145021058
0.757331116530833
0.757471416941737
0.761949548420304
0.762792751089428
0.761561691994951
0.767834604578274
0.770243515026566
0.77052943662244
0.771837786961247
0.774672359334836
0.779214340102198
0.776977094627726
0.779659884920058
0.782576509230563
0.783622461395684
0.786607135606088
0.789303087813215
0.790622079700155
0.79115807767714
0.793619355743873
0.793952044143382
0.796538500421041
0.79982729887544
0.801539748002539
0.802110190990585
0.805833332633231
0.805107747075044
0.807929717615319
0.810996163721898
0.810782212596288
0.814752630212643
0.815547945915172
0.816922385868696
0.818349473481402
0.820433256630174
0.822558765849256
0.823497462410831
0.823658485836519
0.827996596944923
0.829725008394221
0.830535726337467
0.833858129680706
0.833086057359624
0.836314927095594
0.837883995363645
0.84034667363408
0.841019331492345
0.841669306050644
0.843572742962646
0.844148506724758
0.851050390810855
0.848796062851223
0.849560013990835
0.850768669826086
0.853489265618362
0.854582544668598
0.854546699453836
0.857970197504333
0.858684021351426
0.861158181292214
0.863397387051868
0.863384785218553
0.866016888136886
0.867687611193676
0.869802758905365
0.870298431015744
0.875684174533711
0.872511592986548
0.873660600144109
0.874868695897879
0.878562433262791
0.880838884440908
0.8807464709966
0.882415513808949
0.883944536251134
0.884626155413089
0.885982672759233
0.889070962043558
0.887052428387282
0.890879185103849
0.891652377587891
0.892351919357228
0.895434327786006
0.896486160806674
0.896898660817176
0.898254058000358
0.901034022429583
0.902413223075693
0.903794103966245
0.904310219050667
0.905179465508642
0.903085600893218
0.908251792470768
0.909744129575971
0.908838197781013
0.91127707258852
0.912298101127752
0.91147450131045
0.91641722037722
0.915399272286132
0.917209175590865
0.917812663386269
0.917429567653502
0.920392398686161
0.922828193045524
0.924157546439856
0.921583691995511
